{"N_national":[191],"N_state":[966],"T":[251],"S":[51],"P":[160],"state":[2,2,2,3,3,3,4,4,4,4,4,4,4,4,4,4,4,4,4,4,4,4,4,4,4,5,5,5,5,5,5,5,5,5,5,5,5,5,5,5,5,5,5,5,5,5,5,5,5,6,6,6,6,6,6,6,6,6,6,6,6,6,6,6,6,6,6,6,6,6,6,6,6,6,6,6,6,6,6,6,6,6,6,6,6,6,6,6,6,6,6,6,6,6,6,6,6,6,6,6,6,6,7,7,7,7,7,7,7,7,7,7,7,7,7,7,7,7,7,7,7,7,7,10,10,10,10,10,10,10,10,10,10,10,10,10,10,10,10,10,10,10,10,10,10,10,10,10,10,10,10,10,10,10,10,10,10,10,10,10,10,10,10,10,10,10,10,10,10,10,10,10,10,10,10,10,10,10,10,10,10,10,10,10,10,10,10,10,10,10,10,10,10,10,10,10,10,10,10,10,10,10,10,10,10,11,11,11,11,11,11,11,11,11,12,12,13,13,13,13,13,13,13,13,13,13,13,13,13,13,13,13,13,13,13,13,13,13,13,13,13,13,13,13,13,13,13,13,13,13,14,15,15,15,15,15,15,15,15,15,16,16,16,16,16,16,16,16,16,16,16,16,18,19,19,20,20,20,20,20,20,20,20,20,20,20,20,20,20,20,20,20,20,20,20,20,20,20,20,20,20,20,20,20,20,20,20,20,20,20,20,20,21,21,21,21,21,21,22,22,22,22,22,22,22,22,22,22,22,22,22,23,23,23,23,23,23,23,23,23,23,23,23,23,23,23,23,23,23,23,23,23,23,23,23,23,23,23,23,23,23,23,23,23,23,23,23,23,23,23,23,23,23,23,23,23,23,23,23,24,24,24,24,24,24,24,24,24,24,24,24,24,24,24,24,24,24,25,25,25,25,25,25,25,25,25,25,25,25,25,25,25,25,25,25,25,25,25,25,25,25,25,25,25,25,25,27,27,27,27,27,27,27,27,27,27,27,27,27,27,28,28,28,28,28,28,28,28,28,28,28,28,28,28,28,28,28,28,28,28,28,28,28,28,28,28,28,28,28,28,28,28,28,28,28,28,28,28,28,28,28,28,28,28,28,28,28,28,28,28,28,29,29,29,29,29,29,29,29,30,30,30,30,30,30,31,31,31,31,31,31,31,31,31,31,31,31,31,31,31,31,31,31,31,31,31,31,31,31,31,31,31,31,31,31,31,31,31,31,31,31,31,31,31,31,32,32,32,32,32,32,32,32,32,32,32,32,32,32,32,32,32,32,32,32,32,32,32,33,33,33,33,33,33,33,33,33,33,33,33,33,33,33,33,33,33,33,34,34,34,34,34,34,34,34,34,34,34,34,34,34,34,34,34,34,34,34,34,34,34,34,34,34,34,34,34,34,34,34,34,34,34,35,35,35,35,35,35,35,35,35,35,35,35,35,35,35,35,36,36,36,36,36,36,36,36,36,36,36,36,36,36,36,36,36,36,36,36,36,36,36,36,36,36,36,36,36,36,36,36,36,36,36,36,36,36,36,36,36,36,36,36,36,36,36,36,36,36,36,36,36,36,36,36,36,36,36,36,36,36,36,36,36,36,36,36,36,36,36,36,36,36,36,36,36,36,36,36,36,36,36,36,36,36,36,36,36,36,36,36,36,36,37,37,37,38,38,38,38,38,38,38,38,39,39,39,39,39,39,39,39,39,39,39,39,39,39,39,39,39,39,39,39,39,39,39,39,39,39,39,39,39,39,39,39,39,39,39,39,39,39,39,39,39,39,39,39,39,39,39,39,39,39,40,40,40,42,42,42,42,43,43,43,43,44,44,44,44,44,44,44,45,45,45,46,46,46,46,46,46,46,46,46,46,46,46,46,46,46,46,46,46,46,46,46,46,46,46,46,46,46,46,46,46,46,46,46,46,46,46,46,46,46,46,46,46,46,46,46,46,46,46,46,46,46,46,46,46,46,46,46,46,46,46,46,46,46,46,46,46,46,46,46,47,47,48,48,48,48,48,48,48,48,48,48,48,48,48,48,48,48,48,48,48,48,48,48,48,48,49,49,49,49,49,49,49,49,49,49,49,49,49,49,49,49,49,49,49,49,49,49,49,49,49,49,49,49,49,49,49,49,49,49,49,49,49,49,49,49,49,49,49,49,49,49,49,49,49,49,49,49,49,49,49,50,50],"day_state":[122,155,174,28,210,239,16,55,57,65,85,112,120,155,197,206,207,212,212,218,229,231,240,250,250,26,35,42,85,91,93,94,129,140,183,198,199,204,206,207,226,227,231,234,241,242,246,249,250,42,55,91,93,100,100,112,119,139,161,161,162,169,178,188,198,198,199,203,204,205,205,206,209,211,216,220,221,222,223,224,226,227,230,231,231,233,237,240,240,241,244,246,247,247,247,248,248,248,249,250,250,250,23,99,155,177,182,182,205,207,212,219,224,231,232,233,233,238,238,239,240,249,250,16,29,49,51,55,59,65,71,85,86,97,100,114,120,126,133,137,139,143,154,155,169,170,172,174,177,181,187,189,197,198,198,198,203,204,205,205,205,206,208,209,209,210,211,211,216,217,218,220,220,225,226,226,227,227,230,230,231,234,234,234,235,236,240,241,241,243,244,245,246,246,246,247,248,249,249,249,250,250,250,250,250,72,86,147,206,207,229,231,245,250,219,248,70,93,105,113,140,164,182,205,205,205,209,211,212,215,216,223,230,231,231,233,234,237,238,240,241,246,246,247,247,248,249,250,250,250,229,149,184,196,200,207,226,231,246,250,36,87,159,203,207,212,225,231,231,248,250,250,201,217,223,6,6,22,43,71,86,95,95,120,176,180,195,203,203,203,204,205,207,211,215,216,219,223,224,224,226,231,231,232,239,244,246,246,249,250,250,250,207,211,216,231,239,250,9,39,74,111,134,204,204,213,216,225,248,248,250,41,73,91,100,105,108,113,114,121,147,148,148,155,170,175,177,181,185,188,197,198,203,204,205,207,209,213,214,216,223,223,226,226,227,231,233,233,237,240,246,246,246,248,248,249,250,250,250,73,100,143,196,198,207,209,224,231,233,238,242,243,247,248,249,250,250,20,51,92,101,149,151,154,166,166,177,178,179,180,184,198,207,211,217,218,219,230,231,234,237,242,246,250,250,250,36,64,66,113,176,197,209,225,226,232,232,250,250,250,15,43,45,63,78,78,84,89,105,119,121,126,133,135,156,161,181,181,187,188,188,195,195,199,205,206,206,209,212,216,216,217,218,224,226,229,230,231,233,234,240,241,242,242,244,246,246,248,250,250,250,103,136,150,214,224,237,238,246,8,29,80,209,243,248,22,50,55,77,114,118,121,140,167,168,198,203,204,205,212,212,213,216,217,224,225,227,231,232,234,237,238,239,241,243,247,248,248,249,250,250,250,250,250,250,1,15,44,71,78,107,141,149,156,183,191,199,200,207,210,218,226,231,231,235,238,242,250,42,57,93,134,141,175,194,197,207,214,214,216,217,220,225,229,242,243,250,22,36,64,93,106,141,142,149,171,176,183,205,205,205,209,211,211,212,217,220,224,225,226,226,231,232,232,238,239,239,240,241,247,250,250,37,42,49,76,93,105,140,148,175,198,207,231,240,242,245,250,5,29,30,51,52,55,65,70,72,86,93,100,119,120,139,142,148,150,155,168,168,169,177,177,181,185,190,194,196,198,198,198,204,205,206,207,207,210,210,211,214,215,216,218,220,220,224,224,225,226,226,226,226,229,230,231,232,233,234,235,235,237,237,237,239,239,239,240,241,241,241,243,243,243,244,246,246,246,246,247,248,248,248,248,249,249,250,250,250,250,250,250,250,250,83,174,242,23,72,119,203,234,245,246,248,14,15,29,65,84,85,99,105,120,134,143,148,151,155,170,177,179,200,203,205,206,207,207,209,209,211,211,213,214,223,224,225,226,226,230,230,230,231,231,237,237,237,240,242,246,249,250,250,250,250,217,225,247,157,207,230,249,207,231,242,250,56,83,198,207,217,231,250,116,239,249,5,21,23,42,55,57,63,65,86,97,100,100,119,133,139,141,142,162,162,169,175,178,196,198,199,201,203,204,204,204,205,206,212,213,214,217,218,220,220,222,226,226,226,227,230,230,231,233,234,235,240,240,240,241,241,242,242,246,246,247,247,248,248,249,250,250,250,250,250,84,176,72,93,112,113,141,157,175,195,197,200,207,212,215,218,231,231,232,232,233,238,247,247,249,250,1,2,28,30,31,64,73,77,78,86,92,100,106,113,134,134,142,150,162,162,170,170,175,176,177,202,204,204,205,205,205,205,209,218,221,225,226,226,230,231,232,233,234,237,240,240,241,246,246,247,247,247,248,249,250,63,185],"day_national":[37,44,44,45,45,45,46,46,46,47,48,49,52,52,54,57,60,60,62,63,66,66,66,70,71,72,74,74,75,76,79,80,94,96,96,99,101,101,101,101,106,108,109,114,114,118,118,122,122,122,122,124,125,129,129,129,130,133,133,133,135,136,136,138,139,140,142,145,150,156,157,157,158,160,160,162,163,163,166,167,168,170,170,171,174,177,177,177,178,178,179,180,180,186,190,192,192,193,193,193,193,194,194,194,194,194,195,197,197,198,198,198,199,199,199,201,202,205,205,206,206,207,207,209,210,211,212,212,212,213,214,220,220,220,220,220,221,223,223,223,225,226,226,226,227,229,230,231,231,233,233,233,233,234,234,234,235,236,237,238,238,238,238,238,239,240,240,241,241,241,241,242,243,244,244,244,245,245,246,247,247,247,247,248,248,248,248,248,248,249,249],"poll_state":[17,120,17,137,137,146,116,8,12,73,110,109,116,110,110,113,159,116,89,110,12,159,116,159,110,150,135,135,107,150,135,42,42,19,19,135,19,42,107,159,135,19,159,119,107,150,19,42,159,110,113,109,94,116,113,110,154,113,110,116,114,113,67,110,67,4,135,116,114,94,159,113,110,55,154,82,55,125,116,4,114,135,55,159,154,110,116,94,110,113,4,154,64,116,25,135,64,110,64,159,64,110,114,114,110,116,114,110,142,159,110,114,116,159,126,142,110,135,116,114,77,110,159,116,114,110,46,113,116,114,133,114,94,110,113,114,114,154,116,77,113,135,110,114,113,116,45,55,114,25,110,55,135,94,116,82,55,46,16,154,159,113,77,4,110,152,61,114,55,133,94,154,116,148,94,77,4,116,110,55,159,46,25,116,135,110,55,134,116,110,25,135,114,55,154,64,64,64,94,77,64,159,55,110,61,72,62,62,62,159,10,159,135,159,84,84,110,94,116,154,110,116,110,116,94,159,4,110,141,125,154,116,4,154,159,94,110,116,110,110,55,110,154,94,116,55,125,159,4,110,77,27,27,154,127,159,22,159,154,159,59,116,116,52,159,59,82,159,116,59,159,116,135,129,73,116,156,110,116,116,133,14,156,110,110,69,69,110,133,156,80,143,159,116,14,80,78,156,80,159,110,159,116,110,80,14,133,116,110,159,143,156,159,53,11,159,152,159,110,74,28,79,28,110,74,116,28,102,110,55,28,38,51,110,38,45,116,154,85,94,116,85,110,38,85,45,51,85,38,110,38,45,75,25,51,159,116,55,110,154,38,45,55,51,116,159,33,38,5,45,38,51,110,110,116,110,45,159,85,135,110,135,135,110,159,77,110,159,135,116,130,77,135,110,110,135,159,116,116,110,116,154,77,116,135,23,110,116,77,55,110,116,159,23,154,110,116,155,159,116,110,77,154,135,159,110,116,110,116,116,116,110,77,110,88,110,116,116,77,110,110,110,116,135,116,110,135,24,110,116,94,24,110,109,116,110,25,135,110,36,135,110,24,116,159,113,57,24,94,110,4,135,116,55,116,58,110,159,116,109,110,55,24,116,36,135,110,57,159,55,110,77,116,34,34,77,116,40,77,116,110,116,157,157,154,4,123,54,110,116,4,94,54,54,110,54,4,116,159,94,56,4,54,110,54,116,4,133,116,110,54,4,116,96,110,94,96,55,54,159,54,96,110,116,4,114,41,114,41,114,124,114,87,41,124,114,41,105,159,87,124,105,114,159,135,131,105,159,116,110,44,154,110,116,2,110,159,50,110,154,116,110,116,2,110,2,159,116,110,116,94,110,73,154,116,49,135,110,116,25,159,4,95,110,94,154,55,116,135,110,133,159,135,116,4,110,116,94,55,135,159,110,114,126,99,126,114,126,126,114,126,114,159,159,99,126,135,159,94,114,116,46,116,113,114,110,114,94,116,113,110,114,113,116,73,154,114,116,110,113,114,101,26,55,55,110,55,94,116,4,46,16,113,159,147,55,152,114,110,26,110,94,154,116,4,25,135,55,112,116,94,110,112,159,135,116,46,55,110,133,114,5,135,140,116,71,113,25,4,110,100,55,116,135,101,114,110,64,64,154,25,116,64,94,64,135,159,55,26,116,110,101,128,128,128,135,135,110,135,135,37,35,110,110,114,114,114,110,116,47,114,114,154,116,110,136,114,47,90,105,105,90,154,136,116,159,83,136,47,114,90,110,136,126,116,105,112,112,90,110,159,114,55,5,90,116,105,47,110,136,90,55,159,43,15,43,98,98,98,98,159,159,91,159,110,145,158,159,138,159,159,31,68,31,94,114,116,122,113,116,110,152,94,116,113,114,154,110,113,116,114,114,116,113,110,116,55,94,116,110,152,46,154,114,159,113,133,4,110,122,94,154,116,110,94,112,114,116,112,4,159,110,116,110,110,116,145,46,113,55,152,122,114,64,110,64,154,64,64,159,94,110,116,18,18,135,132,37,110,135,135,89,135,110,37,159,55,116,135,135,159,110,116,151,132,151,135,110,159,116,110,76,116,94,76,116,110,76,130,76,154,116,76,76,110,154,116,76,114,116,25,110,76,114,110,76,114,94,116,110,159,154,76,110,116,112,114,112,159,76,94,116,5,77,110,116,76,110,130,94,116,154,110,159,139,139],"poll_national":[103,114,48,121,116,111,94,21,25,159,116,48,92,111,48,116,63,48,106,116,121,48,9,6,48,103,21,48,116,46,94,1,29,159,116,46,121,29,6,103,116,9,125,48,94,46,116,97,103,108,25,159,114,48,121,1,65,116,32,81,20,29,6,159,46,103,94,32,29,48,121,29,116,46,106,25,60,48,159,116,70,87,6,29,46,21,1,25,117,32,48,121,159,25,60,64,48,39,1,29,25,116,20,159,149,32,46,142,160,64,104,94,9,87,119,3,106,48,7,121,108,160,13,116,106,115,46,1,94,108,25,104,63,48,108,118,160,46,121,106,48,60,7,1,142,118,48,106,149,60,21,94,108,86,153,1,9,116,1,57,63,48,106,108,93,64,103,144,21,1,30,159,116,46,66,1,106,153,108,64,103,159,1,32,48,94,108,116,7,116,25],"n_democrat_national":[1163,1185,990,419,660,441,490,392,473,490,645,990,472,490,1100,705,394,990,470,705,441,1320,436,346,1012,1471,242,1372,690,420,470,492,500,470,660,390,382,500,825,782,675,413,389,1403,385,410,675,282,1186,480,681,470,1252,1434,434,471,336,675,470,408,501,480,470,394,405,998,490,350,480,1434,497,480,705,456,480,474,381,1372,470,645,484,529,453,490,536,483,394,480,660,490,1434,649,460,456,372,645,1525,520,413,500,464,690,597,490,1470,500,563,528,484,339,1236,450,786,754,409,528,500,1525,415,643,600,421,387,690,500,937,592,455,510,539,442,552,374,652,611,705,360,554,480,490,1242,438,426,452,491,705,1215,470,1780,441,379,384,588,631,400,674,569,690,651,370,424,1464,490,588,470,578,789,356,270,617,686,363,705,566,457,634,480,392,588,2476,1544,2940,1014,529,1398,708,600,1470,536,720,459],"n_democrat_state":[201,204,163,250,780,199,200,195,215,391,215,364,205,342,437,270,276,210,210,262,230,202,220,309,497,855,1237,1237,447,561,898,341,466,422,456,299,441,517,527,786,286,448,678,269,526,778,1184,846,866,287,282,288,474,225,288,392,505,270,382,235,658,294,240,490,246,294,289,225,710,486,369,288,479,382,624,460,661,284,245,276,589,289,1003,253,567,500,230,541,461,282,282,623,319,352,382,327,484,412,438,361,372,570,860,704,393,255,765,467,269,374,433,916,255,230,293,293,538,305,260,777,306,671,483,230,602,350,341,270,225,503,276,706,517,321,270,781,540,520,225,368,270,311,418,600,282,215,601,328,608,388,743,605,286,480,240,282,812,406,264,603,723,282,384,300,430,392,265,634,448,276,418,552,235,320,474,352,276,235,380,296,597,508,327,345,282,376,579,460,360,337,377,280,515,258,562,431,473,445,757,360,342,762,519,478,205,241,175,242,169,485,304,342,253,471,1022,743,602,487,230,489,543,220,585,220,449,368,306,385,230,318,611,245,288,735,272,580,417,240,323,338,258,338,575,571,360,291,376,499,288,561,169,306,330,746,593,701,385,493,683,642,201,252,140,328,311,320,234,203,246,328,338,258,236,234,966,275,316,543,255,280,354,299,282,496,613,308,423,499,384,266,299,293,503,275,286,302,243,277,261,240,578,368,285,404,289,303,378,295,621,462,456,310,434,447,458,289,506,416,728,546,300,243,301,442,411,260,321,204,898,254,300,282,271,265,270,836,250,434,352,507,240,363,307,288,529,763,288,600,588,416,564,532,288,392,312,613,270,402,1217,553,288,550,516,294,260,465,264,416,287,527,288,288,265,260,390,364,880,556,666,268,525,254,276,420,436,384,497,355,275,255,318,376,287,409,617,289,395,205,225,271,210,469,262,220,257,312,210,235,269,381,255,225,348,359,515,315,230,410,229,215,268,256,511,253,327,376,200,402,198,210,190,295,262,302,167,347,225,215,269,376,394,478,220,769,215,320,231,270,373,220,469,251,364,240,220,398,360,232,486,468,233,533,215,225,534,288,206,294,497,471,276,281,235,543,240,278,509,389,230,235,422,775,282,230,557,307,358,181,705,520,454,244,144,140,234,250,240,160,250,175,401,195,176,304,483,267,169,274,616,240,273,463,255,272,538,266,268,225,170,516,312,300,312,440,280,240,276,235,250,497,394,282,240,280,428,496,508,248,241,324,394,344,775,375,294,684,400,787,398,775,596,795,268,463,362,750,367,306,606,372,361,308,673,416,312,430,307,523,260,284,241,660,355,260,300,595,175,235,1618,642,255,405,270,322,385,331,318,250,282,260,499,240,332,535,250,300,408,416,235,363,300,306,230,261,482,611,493,235,574,303,235,179,387,250,294,324,250,521,478,606,359,382,894,485,360,437,842,476,462,978,416,921,906,674,345,442,343,844,786,586,240,273,230,294,497,438,481,529,220,270,316,581,288,235,269,535,596,225,461,264,626,415,791,629,608,536,728,490,235,288,494,282,288,509,439,267,395,616,1445,848,440,475,552,250,282,373,364,591,470,240,507,449,460,426,276,368,520,913,261,282,774,264,286,384,360,276,276,370,294,366,497,365,360,289,548,555,300,440,476,824,398,368,474,495,342,393,794,645,750,368,520,444,136,144,101,808,690,343,276,284,190,245,479,338,578,554,549,336,235,198,459,563,577,240,371,368,619,320,207,307,300,320,583,384,255,619,251,376,204,637,209,1067,341,234,255,300,470,480,215,255,493,760,426,291,222,255,294,268,411,376,211,519,662,286,273,325,235,200,312,282,331,208,207,293,254,179,402,514,260,393,594,318,100,226,662,517,255,241,288,220,347,562,516,235,294,603,479,324,276,235,736,692,240,270,428,235,985,488,245,521,440,503,607,737,538,276,276,294,1357,283,465,540,240,362,461,480,657,235,470,282,342,359,352,245,368,360,288,507,282,310,626,281,526,388,294,511,524,455,311,719,559,497,360,360,296,278,255,200,579,290,283,230,283,298,215,488,350,260,302,293,419,287,275,335,260,360,300,494,452,235,477,339,260,1452,360,245,400,324,199,306,610,220,291,413,528,569,245,594,728,235,451,615,282,583,470,325,757,484,245,438,386,656,474,480,255,500,664,500,326,426,517,250,256,300,422,245,634,421,205,522,368,629,641,612,152,152],"n_two_share_national":[2231,2267,2024,802,1380,855,920,784,864,910,1350,2002,864,930,2046,1395,762,2002,950,1380,819,2730,802,700,2002,2732,501,2775,1365,776,900,944,920,890,1380,780,755,920,1668,1501,1365,799,683,2745,745,775,1350,546,2206,930,1320,900,2422,2776,815,942,680,1365,920,799,1013,940,940,763,774,1800,920,672,950,2837,923,940,1380,828,950,884,704,2806,900,1350,938,1046,946,940,1085,956,797,877,1335,960,2837,1267,930,851,728,1233,2867,930,776,940,858,1365,1100,940,2820,950,1077,1022,910,641,2254,846,1345,1398,763,982,960,2867,813,1208,1140,774,726,1380,970,1797,1087,864,950,1034,848,1104,756,1304,1248,1440,720,1084,993,970,2592,857,852,877,951,1440,2619,960,3524,863,742,768,1152,1304,776,1334,1043,1440,1344,716,838,2928,970,1164,950,1020,1544,677,535,1234,1372,711,1440,1120,944,1255,970,784,1164,4642,2867,5760,2007,1015,2711,1401,1164,2940,1040,1455,900],"n_two_share_state":[484,558,407,683,2028,571,455,400,419,864,465,752,475,775,963,558,620,470,440,577,450,446,480,674,1069,1395,1855,1855,796,932,1465,568,780,690,717,482,706,820,915,1310,496,722,1134,462,933,1354,1882,1457,1496,504,564,552,938,450,564,728,971,534,717,470,1390,570,460,950,467,576,572,460,1405,923,708,558,902,734,1210,960,1366,544,485,576,1191,584,1964,490,1146,970,480,1082,886,558,570,1209,645,727,749,640,968,792,895,714,736,1074,1460,1239,725,470,1427,819,432,649,761,1628,480,399,503,505,985,535,485,1356,568,1183,832,445,1118,665,667,552,455,1017,546,1515,991,616,564,1494,1032,1031,455,728,558,589,827,1130,570,440,1413,677,1179,745,1471,1223,548,911,470,582,1641,771,552,1169,1416,570,760,570,826,753,513,1160,887,534,827,1140,480,614,938,760,570,490,768,598,1182,1050,661,727,558,760,1170,971,735,667,762,560,1019,532,1135,844,926,890,1483,768,684,1540,1038,946,432,548,404,538,439,1036,664,746,551,1027,1516,1157,1086,974,465,967,1029,450,1145,455,826,690,570,717,465,610,1171,480,576,1425,523,1069,843,480,640,662,496,642,1127,1073,728,558,712,988,582,1100,563,492,504,1257,1022,1117,637,816,1174,1070,447,540,344,704,665,736,564,465,570,728,730,570,557,504,2548,465,506,871,455,455,558,520,453,848,1048,551,725,841,582,435,456,472,836,475,437,463,381,422,441,389,1009,609,495,681,475,525,564,495,1078,762,752,524,704,740,731,473,809,677,1168,913,552,415,516,756,762,460,543,352,1584,493,557,540,508,460,546,1647,460,888,697,971,450,734,533,540,1004,1595,540,1200,1140,775,1008,1041,540,724,540,1094,480,772,2219,979,558,1066,1010,546,485,841,510,784,524,1054,540,558,490,490,742,686,1779,1036,1266,464,904,475,496,783,794,704,900,656,495,480,588,728,534,749,1141,517,735,455,465,536,455,1043,581,470,520,630,470,465,581,941,584,465,744,767,1065,672,475,960,513,485,571,594,1168,547,740,819,445,850,428,465,465,623,581,685,401,774,490,480,600,811,764,907,450,1472,470,633,467,552,762,455,917,530,720,485,465,772,728,464,972,980,483,1055,480,480,1068,564,399,564,973,942,576,550,490,1205,495,550,1040,786,490,455,844,1688,570,490,1114,648,716,366,1440,1085,908,569,348,356,540,588,564,445,588,435,925,460,352,720,1119,495,346,500,1093,455,503,926,489,527,1013,503,525,465,314,961,582,570,534,819,526,480,576,470,495,1005,719,576,490,543,839,972,955,492,482,621,757,660,1519,735,588,1228,696,1430,685,1392,947,1412,493,803,625,1397,635,528,1052,637,613,550,1240,732,543,738,553,928,440,494,417,1178,674,450,567,1066,311,435,2956,1158,455,740,485,579,705,602,598,470,520,480,977,450,638,1005,475,570,799,807,460,704,553,570,460,476,944,1095,976,470,1136,582,460,340,750,485,576,623,490,1011,946,1164,688,734,1421,768,581,720,1308,758,720,1547,637,1426,1437,1074,543,704,526,1359,1384,1097,440,509,440,558,972,814,951,992,450,558,612,1051,558,460,526,981,1121,450,893,540,1177,805,1582,1244,1257,1018,1394,911,465,570,918,546,552,985,835,528,729,1116,2717,1546,844,875,1116,495,570,717,720,1195,930,475,954,854,930,817,533,728,1006,1826,516,564,1471,528,554,729,720,540,540,711,576,703,994,723,735,560,1073,1055,570,861,931,1583,772,736,938,932,655,746,1539,1277,1470,736,990,880,448,431,281,1438,1321,631,502,527,356,455,903,627,1080,1071,1005,618,440,346,858,1051,1068,460,697,712,1110,606,376,559,534,582,1093,760,450,1129,460,736,373,1133,388,1887,667,452,485,552,920,920,412,475,918,1459,825,526,422,485,552,514,774,752,409,1007,1222,451,424,523,503,476,708,618,718,460,566,662,550,460,954,1166,646,920,1485,1149,455,826,1108,951,465,518,564,445,639,1046,989,470,570,1141,1010,596,540,465,1472,1327,470,558,813,470,2082,926,485,991,813,936,1176,1415,1031,534,540,576,2548,519,911,1116,485,703,932,960,1249,480,930,570,676,711,727,480,700,735,583,1036,564,620,1203,594,1031,736,570,990,1037,881,616,1408,1107,955,735,527,415,479,455,367,1019,523,477,410,482,534,361,854,594,465,496,510,711,545,485,612,455,588,522,923,787,445,828,643,465,2429,656,470,791,648,374,564,1156,455,546,761,993,1057,475,1129,1371,475,865,1243,547,1142,930,565,1425,920,475,817,756,1164,849,940,500,960,1288,970,626,844,973,490,487,588,794,490,1168,801,374,1012,736,1173,1244,1176,373,361],"unadjusted_national":[0,1,1,1,1,1,0,1,1,0,1,1,1,1,1,1,1,1,1,1,1,1,1,1,1,0,1,1,1,1,0,0,1,0,1,1,1,1,1,0,1,1,1,1,0,1,1,1,0,1,1,0,1,1,1,0,1,1,1,1,1,1,1,0,1,0,0,1,1,1,1,1,1,1,1,1,1,1,0,1,1,1,1,1,1,1,0,1,1,1,1,1,0,1,1,0,1,1,0,1,1,1,1,0,1,1,1,1,1,0,1,0,1,1,1,1,1,1,1,1,1,1,1,1,1,1,1,0,0,1,1,1,1,1,1,1,1,1,1,1,1,1,1,0,1,1,1,1,1,1,1,0,1,1,1,0,1,1,0,1,1,1,1,1,1,0,0,1,1,0,1,0,1,1,1,0,1,1,1,0,0,0,0,1,1,0,1,1,1,1,1],"unadjusted_state":[1,1,1,1,1,1,1,1,1,1,1,1,1,1,1,1,0,1,1,1,1,0,1,0,1,1,1,1,1,1,1,1,1,1,1,1,1,1,1,0,1,1,0,1,1,1,1,1,0,1,1,1,0,1,1,1,1,1,1,1,1,1,1,1,1,1,1,1,1,0,0,1,1,1,1,1,1,1,1,1,1,1,1,0,1,1,1,0,1,1,1,1,0,1,1,1,0,1,0,0,0,1,1,1,1,1,1,1,1,0,1,1,1,0,1,1,1,1,1,1,1,1,0,1,1,1,1,1,1,1,1,1,0,1,1,1,1,1,1,1,1,1,1,1,1,1,1,1,1,1,1,1,1,0,1,1,1,1,1,1,0,1,1,1,1,0,1,1,1,1,0,1,1,1,0,1,1,1,1,1,0,1,1,1,1,1,1,1,1,1,1,1,1,1,1,0,0,0,0,1,0,0,1,1,1,1,1,1,1,0,1,0,1,0,1,1,1,0,1,1,1,1,1,1,0,0,1,1,1,1,1,1,1,1,0,0,1,1,1,1,1,1,1,0,1,1,1,0,1,1,1,1,1,1,1,0,1,0,1,0,1,1,1,1,0,1,1,0,1,1,0,1,1,1,1,1,1,1,1,1,1,1,1,1,1,1,1,1,1,1,1,1,0,1,1,1,1,1,1,0,1,0,1,1,1,1,1,1,1,0,1,1,0,1,1,0,0,0,1,1,1,1,1,1,1,1,1,1,1,1,1,1,1,1,1,1,1,1,1,0,1,1,1,1,1,1,1,1,1,1,1,1,1,1,1,0,1,1,1,1,1,1,1,1,1,0,1,1,1,1,1,1,1,1,1,1,1,0,1,1,1,1,1,1,0,1,1,0,1,1,1,1,1,1,1,1,0,1,1,1,1,1,1,1,1,1,1,1,1,1,1,1,0,1,1,1,1,1,0,1,1,1,1,1,0,1,1,1,1,1,1,1,1,1,1,1,1,1,1,1,1,1,1,1,1,1,1,1,1,1,0,1,1,1,1,1,1,1,1,1,1,1,1,1,0,1,1,1,0,1,1,1,1,1,1,1,1,0,1,1,1,1,1,1,1,1,1,1,0,1,1,1,1,1,1,1,1,1,1,1,1,1,1,1,1,1,1,1,1,1,1,0,1,1,1,1,1,1,0,0,1,1,1,1,1,1,1,1,1,1,1,1,1,1,1,0,1,1,1,0,1,1,1,1,1,1,1,1,1,1,1,1,1,1,1,1,1,1,0,1,1,1,1,0,1,1,1,0,1,1,1,1,1,1,1,1,0,1,1,1,1,1,1,1,1,1,0,1,1,1,0,1,1,1,1,1,1,1,1,1,0,1,1,1,0,1,1,1,1,1,1,0,1,1,1,1,1,0,1,1,0,1,1,1,1,1,1,1,1,1,1,1,0,0,1,1,1,0,0,1,1,1,1,1,1,1,1,0,1,1,1,1,1,1,1,1,1,1,1,1,1,1,1,1,1,1,1,0,1,1,1,1,1,0,1,1,0,1,1,1,1,0,1,1,1,1,1,1,1,1,0,1,1,0,1,1,1,1,1,1,1,1,1,1,1,1,1,1,1,1,1,1,1,1,1,1,1,0,0,1,1,1,0,0,0,1,0,1,1,1,1,1,1,1,1,1,1,1,1,1,1,1,1,1,1,1,1,1,1,1,1,1,1,1,1,1,1,1,1,1,1,1,1,1,1,0,1,1,1,1,1,1,1,1,1,1,1,1,1,1,0,1,1,1,1,1,1,1,1,1,1,1,0,1,1,1,1,1,1,1,0,0,1,0,1,1,1,0,1,0,0,1,1,1,0,1,1,1,1,1,1,0,0,1,1,1,1,1,1,1,1,1,1,1,1,1,1,0,1,1,0,1,1,1,0,1,1,1,1,1,0,1,1,1,0,1,1,1,1,1,0,1,1,1,1,1,1,1,1,1,0,1,1,0,1,0,1,0,0,0,0,1,1,1,1,1,1,1,1,1,1,1,1,1,1,0,1,1,1,1,0,1,1,1,1,1,1,1,0,1,1,1,1,0,1,1,1,1,1,1,1,1,1,1,1,1,1,1,1,1,1,1,1,1,1,1,1,0,1,1,0,1,1,1,1,1,1,1,0,1,0,1,1,1,1,1,1,1,1,0,1,1,1,0,1,1],"current_T":[250],"ss_correlation":[[1.0551,0.407,0.6362,0.5029,0.3041,0.6021,0.2848,0.2913,0.2671,0.296,0.2642,0.2946,0.7292,0.8386,0.2869,0.7101,0.7824,0.7064,0.3063,0.2819,0.3184,0.5196,0.4892,0.6491,0.6418,0.2953,0.73,0.4211,0.8091,0.7737,0.4949,0.3046,0.3078,0.3143,0.3033,0.5551,0.7697,0.7053,0.4608,0.3284,0.3321,0.8154,0.5825,0.3234,0.6382,0.2893,0.4255,0.5962,0.6293,0.6892,0.8101],[0.407,1.0359,0.9601,0.2822,0.2945,0.3129,0.2767,0.2968,0.4727,0.3134,0.8054,0.2987,0.659,0.6305,0.2892,0.8067,0.7226,0.8618,0.9089,0.2803,0.3019,0.4873,0.6756,0.5314,0.8294,0.918,0.6415,0.9801,0.6656,0.5967,0.4043,0.311,0.3053,0.301,0.3159,0.7138,0.8039,0.4668,0.5477,0.2988,1.0064,0.696,0.9595,0.3034,0.3052,0.5672,0.3271,0.3092,0.5605,0.8275,0.7241],[0.6362,0.9601,1.0533,0.296,0.2972,0.348,0.2821,0.2993,0.4461,0.318,0.6349,0.298,0.8036,0.7915,0.2846,0.9133,0.8679,0.9667,0.7718,0.2688,0.2945,0.5901,0.7294,0.6554,0.9091,0.7823,0.7869,0.9644,0.8197,0.7387,0.5045,0.3039,0.3034,0.2901,0.315,0.7782,0.9463,0.6229,0.6126,0.3031,0.8958,0.8616,1.0175,0.3022,0.3281,0.5462,0.4204,0.3684,0.6817,0.9359,0.8821],[0.5029,0.2822,0.296,1.0698,0.5977,0.5922,0.5207,0.3053,0.3229,0.6262,0.3214,0.4589,0.4087,0.488,0.6534,0.3823,0.3611,0.3213,0.2936,0.5017,0.2887,0.3803,0.4226,0.4355,0.3229,0.2958,0.3792,0.2747,0.3571,0.4732,0.4082,0.5692,0.6364,0.9012,0.5699,0.4193,0.3307,0.612,0.5024,0.6847,0.2778,0.3771,0.2959,0.6089,0.5436,0.3046,0.3105,0.7299,0.4711,0.3397,0.3611],[0.3041,0.2945,0.2972,0.5977,1.0323,0.2931,0.3158,0.2974,0.2866,0.3222,0.3014,0.8597,0.3027,0.3075,0.3357,0.3046,0.309,0.309,0.3026,0.3178,0.3137,0.2896,0.2832,0.2876,0.3061,0.283,0.3079,0.318,0.3121,0.2987,0.2845,0.5421,0.764,0.6798,0.583,0.2878,0.2795,0.2829,0.285,0.3363,0.3084,0.3137,0.3055,0.6758,0.2874,0.2903,0.2924,0.3118,0.2847,0.3068,0.3098],[0.6021,0.3129,0.348,0.5922,0.2931,1.0299,0.5711,0.2998,0.313,0.2923,0.2836,0.301,0.6533,0.7079,0.5706,0.5902,0.6857,0.5284,0.2854,0.669,0.2977,0.5687,0.5652,0.7998,0.5766,0.2865,0.6449,0.3169,0.6507,0.7509,0.69,0.4013,0.3001,0.3238,0.3528,0.6073,0.4573,0.8409,0.646,0.6894,0.3021,0.6253,0.4095,0.299,0.7294,0.5491,0.5674,0.9069,0.6754,0.5078,0.6033],[0.2848,0.2767,0.2821,0.5207,0.3158,0.5711,1.0744,0.3065,0.727,0.6649,0.3183,0.3036,0.4744,0.3563,0.8647,0.3295,0.3057,0.3151,0.2852,0.9851,0.4545,0.7038,0.6003,0.5997,0.3522,0.2886,0.4799,0.308,0.3193,0.4513,0.7836,0.7933,0.2919,0.4646,0.6884,0.5407,0.2594,0.6302,0.718,0.9428,0.2982,0.3306,0.2922,0.2946,0.3269,0.6272,0.7652,0.7556,0.6358,0.3435,0.3188],[0.2913,0.2968,0.2993,0.3053,0.2974,0.2998,0.3065,1.0043,0.3114,0.2962,0.3024,0.3007,0.2999,0.304,0.3032,0.3018,0.3023,0.3014,0.2981,0.3024,0.7353,0.3001,0.2976,0.298,0.3008,0.3034,0.3033,0.2959,0.3036,0.3017,0.2947,0.3063,0.2993,0.3011,0.3953,0.2983,0.2966,0.3033,0.2939,0.2905,0.2958,0.3034,0.2987,0.2995,0.3007,0.3001,0.2979,0.2957,0.2993,0.3052,0.3023],[0.2671,0.4727,0.4461,0.3229,0.2866,0.313,0.727,0.3114,1.0574,0.7284,0.4654,0.3089,0.629,0.4656,0.7318,0.5804,0.3686,0.5174,0.5277,0.5807,0.5136,0.7682,0.8589,0.6383,0.6219,0.3705,0.5668,0.5942,0.4325,0.544,0.7428,0.4486,0.2918,0.324,0.4287,0.797,0.2972,0.595,0.8451,0.7102,0.584,0.4558,0.4842,0.2976,0.3076,0.8123,0.7281,0.5408,0.7626,0.5737,0.4256],[0.296,0.3134,0.318,0.6262,0.3222,0.2923,0.6649,0.2962,0.7284,1.0314,0.3005,0.2911,0.4359,0.3789,0.6781,0.4314,0.3059,0.3955,0.3065,0.4766,0.3092,0.5866,0.644,0.4377,0.4456,0.2855,0.4423,0.4187,0.3098,0.399,0.5722,0.5884,0.3217,0.6693,0.5178,0.5906,0.2945,0.5718,0.7143,0.7108,0.3955,0.3346,0.3618,0.3021,0.2878,0.5039,0.4706,0.5465,0.5602,0.4841,0.334],[0.2642,0.8054,0.6349,0.3214,0.3014,0.2836,0.3183,0.3024,0.4654,0.3005,1.0546,0.3012,0.329,0.3079,0.3053,0.4997,0.3499,0.5264,0.9432,0.3296,0.2973,0.2899,0.4512,0.2931,0.5284,0.9511,0.3133,0.7553,0.3212,0.3026,0.2776,0.2908,0.2961,0.2981,0.2915,0.4645,0.4324,0.2797,0.3105,0.2884,0.8451,0.3268,0.6518,0.2977,0.2837,0.4624,0.2739,0.279,0.3084,0.4757,0.3342],[0.2946,0.2987,0.298,0.4589,0.8597,0.301,0.3036,0.3007,0.3089,0.2911,0.3012,1.0124,0.2994,0.2951,0.2908,0.3055,0.3026,0.3038,0.2964,0.3039,0.2966,0.2989,0.3039,0.3028,0.309,0.3017,0.2983,0.2931,0.3012,0.2972,0.3067,0.4064,0.8882,0.4996,0.3538,0.3049,0.3036,0.2938,0.2991,0.2897,0.296,0.2981,0.2974,0.5177,0.3026,0.2986,0.3035,0.2892,0.2978,0.3018,0.2987],[0.7292,0.659,0.8036,0.4087,0.3027,0.6533,0.4744,0.2999,0.629,0.4359,0.329,0.2994,1.0223,0.9591,0.4835,0.9519,0.9198,0.9177,0.4902,0.4306,0.3012,0.8859,0.9174,0.9546,0.948,0.4344,0.9808,0.7471,0.9606,0.9622,0.8529,0.2922,0.2984,0.3052,0.2947,0.9418,0.7455,0.9115,0.8869,0.6135,0.645,0.9852,0.7991,0.2983,0.5937,0.7074,0.7757,0.7501,0.9734,0.9337,0.9504],[0.8386,0.6305,0.7915,0.488,0.3075,0.7079,0.3563,0.304,0.4656,0.3789,0.3079,0.2951,0.9591,1.0325,0.4224,0.9538,0.9562,0.9088,0.4566,0.3474,0.296,0.7478,0.8221,0.9087,0.9226,0.3848,0.9309,0.6823,0.989,1.0088,0.7296,0.2912,0.3029,0.3167,0.2888,0.8845,0.8132,0.8926,0.7954,0.5407,0.5832,0.9816,0.7976,0.2991,0.7228,0.5776,0.5973,0.7329,0.8939,0.8991,0.9714],[0.2869,0.2892,0.2846,0.6534,0.3357,0.5706,0.8647,0.3032,0.7318,0.6781,0.3053,0.2908,0.4835,0.4224,1.0706,0.4232,0.3219,0.3244,0.3126,0.8686,0.4798,0.5447,0.6586,0.6134,0.4175,0.2733,0.3839,0.3113,0.3359,0.5102,0.6134,0.7606,0.2988,0.6404,0.7868,0.6169,0.2749,0.6475,0.7366,0.9654,0.3094,0.3266,0.3001,0.2976,0.5243,0.6127,0.553,0.8049,0.6331,0.3232,0.3129],[0.7101,0.8067,0.9133,0.3823,0.3046,0.5902,0.3295,0.3018,0.5804,0.4314,0.4997,0.3055,0.9519,0.9538,0.4232,1.016,0.954,0.9934,0.66,0.3202,0.3012,0.7344,0.894,0.8728,1.0091,0.5883,0.9048,0.8736,0.9468,0.9334,0.6942,0.2792,0.2918,0.3072,0.2869,0.944,0.855,0.8361,0.8202,0.485,0.7883,0.9583,0.932,0.2958,0.5788,0.6787,0.5746,0.6263,0.8747,0.9753,0.9464],[0.7824,0.7226,0.8679,0.3611,0.309,0.6857,0.3057,0.3023,0.3686,0.3059,0.3499,0.3026,0.9198,0.9562,0.3219,0.954,1.0309,0.9703,0.4993,0.3229,0.2997,0.6768,0.7553,0.8719,0.9487,0.4882,0.9215,0.7713,0.9817,0.9301,0.6555,0.2854,0.2931,0.2868,0.2828,0.8264,0.8984,0.8314,0.72,0.4003,0.6647,0.9774,0.8908,0.2974,0.5912,0.6108,0.5271,0.6152,0.8025,0.9293,0.9815],[0.7064,0.8618,0.9667,0.3213,0.309,0.5284,0.3151,0.3014,0.5174,0.3955,0.5264,0.3038,0.9177,0.9088,0.3244,0.9934,0.9703,1.0236,0.6815,0.3026,0.3016,0.7161,0.8348,0.8193,0.9945,0.6456,0.9058,0.9146,0.9366,0.8794,0.6548,0.2832,0.2921,0.286,0.2817,0.8846,0.9075,0.7796,0.7566,0.3902,0.8306,0.9582,0.9803,0.2969,0.4785,0.647,0.5505,0.5409,0.8179,0.9987,0.9624],[0.3063,0.9089,0.7718,0.2936,0.3026,0.2854,0.2852,0.2981,0.5277,0.3065,0.9432,0.2964,0.4902,0.4566,0.3126,0.66,0.4993,0.6815,1.0369,0.2887,0.3024,0.3353,0.5951,0.3721,0.6762,0.9415,0.4208,0.8514,0.4871,0.4415,0.3125,0.3102,0.304,0.2906,0.3006,0.6158,0.581,0.3225,0.4484,0.301,0.9354,0.4868,0.7827,0.3027,0.305,0.51,0.2958,0.2976,0.433,0.6291,0.5034],[0.2819,0.2803,0.2688,0.5017,0.3178,0.669,0.9851,0.3024,0.5807,0.4766,0.3296,0.3039,0.4306,0.3474,0.8686,0.3202,0.3229,0.3026,0.2887,1.0714,0.44,0.5871,0.5106,0.6086,0.3264,0.316,0.4083,0.2855,0.3248,0.4559,0.7019,0.8025,0.2859,0.4202,0.7279,0.4733,0.2704,0.5972,0.6388,0.9095,0.2877,0.325,0.2786,0.2905,0.4379,0.5836,0.6708,0.7757,0.577,0.3058,0.3156],[0.3184,0.3019,0.2945,0.2887,0.3137,0.2977,0.4545,0.7353,0.5136,0.3092,0.2973,0.2966,0.3012,0.296,0.4798,0.3012,0.2997,0.3016,0.3024,0.44,1.0183,0.2968,0.3019,0.2994,0.3046,0.2915,0.2978,0.3119,0.2983,0.2971,0.3025,0.5594,0.3003,0.2992,0.6046,0.3031,0.2958,0.2876,0.3056,0.3273,0.3102,0.2981,0.3015,0.2989,0.2927,0.3941,0.2985,0.3036,0.2966,0.2966,0.2988],[0.5196,0.4873,0.5901,0.3803,0.2896,0.5687,0.7038,0.3001,0.7682,0.5866,0.2899,0.2989,0.8859,0.7478,0.5447,0.7344,0.6768,0.7161,0.3353,0.5871,0.2968,1.0296,0.8902,0.897,0.7722,0.3109,0.92,0.6066,0.7424,0.801,0.9899,0.3306,0.3015,0.3039,0.3082,0.8581,0.4792,0.8741,0.914,0.7405,0.523,0.7897,0.6003,0.3001,0.401,0.7586,0.9598,0.7547,0.9553,0.8001,0.7547],[0.4892,0.6756,0.7294,0.4226,0.2832,0.5652,0.6003,0.2976,0.8589,0.644,0.4512,0.3039,0.9174,0.8221,0.6586,0.894,0.7553,0.8348,0.5951,0.5106,0.3019,0.8902,1.0279,0.9078,0.9133,0.473,0.8497,0.7823,0.787,0.8724,0.865,0.3218,0.2991,0.3528,0.3163,1.0146,0.6075,0.8737,0.9988,0.7316,0.7209,0.7998,0.7683,0.2989,0.5205,0.846,0.7727,0.7285,0.9761,0.8585,0.7801],[0.6491,0.5314,0.6554,0.4355,0.2876,0.7998,0.5997,0.298,0.6383,0.4377,0.2931,0.3028,0.9546,0.9087,0.6134,0.8728,0.8719,0.8193,0.3721,0.6086,0.2994,0.897,0.9078,1.0323,0.8835,0.321,0.9255,0.6408,0.8919,0.9685,0.9227,0.321,0.3012,0.3028,0.317,0.9263,0.629,0.9758,0.9327,0.734,0.5337,0.8857,0.6966,0.3028,0.6725,0.8114,0.8209,0.8526,0.981,0.8166,0.8527],[0.6418,0.8294,0.9091,0.3229,0.3061,0.5766,0.3522,0.3008,0.6219,0.4456,0.5284,0.309,0.948,0.9226,0.4175,1.0091,0.9487,0.9945,0.6762,0.3264,0.3046,0.7722,0.9133,0.8835,1.0337,0.6074,0.9262,0.9037,0.9392,0.9167,0.7323,0.2739,0.2866,0.302,0.2824,0.9566,0.8241,0.8211,0.8397,0.491,0.8263,0.9484,0.945,0.2938,0.5261,0.753,0.6236,0.6022,0.8736,0.9865,0.9409],[0.2953,0.918,0.7823,0.2958,0.283,0.2865,0.2886,0.3034,0.3705,0.2855,0.9511,0.3017,0.4344,0.3848,0.2733,0.5883,0.4882,0.6456,0.9415,0.316,0.2915,0.3109,0.473,0.321,0.6074,1.0567,0.4038,0.8367,0.4367,0.3466,0.2882,0.3257,0.3019,0.3222,0.3147,0.4977,0.6196,0.3168,0.3277,0.2678,0.9068,0.4644,0.7632,0.3006,0.2802,0.3846,0.2713,0.2711,0.3391,0.6078,0.4878],[0.73,0.6415,0.7869,0.3792,0.3079,0.6449,0.4799,0.3033,0.5668,0.4423,0.3133,0.2983,0.9808,0.9309,0.3839,0.9048,0.9215,0.9058,0.4208,0.4083,0.2978,0.92,0.8497,0.9255,0.9262,0.4038,1.0244,0.7282,0.9429,0.9262,0.8674,0.2937,0.297,0.2989,0.2832,0.8748,0.7453,0.899,0.839,0.565,0.6231,0.9813,0.793,0.2971,0.4924,0.6855,0.7956,0.7059,0.928,0.9485,0.9578],[0.4211,0.9801,0.9644,0.2747,0.318,0.3169,0.308,0.2959,0.5942,0.4187,0.7553,0.2931,0.7471,0.6823,0.3113,0.8736,0.7713,0.9146,0.8514,0.2855,0.3119,0.6066,0.7823,0.6408,0.9037,0.8367,0.7282,1.0424,0.7181,0.6654,0.5321,0.2801,0.3049,0.2977,0.2866,0.809,0.7779,0.5799,0.6716,0.335,0.9962,0.7559,0.9842,0.3007,0.3043,0.6946,0.4475,0.3338,0.6731,0.8959,0.7634],[0.8091,0.6656,0.8197,0.3571,0.3121,0.6507,0.3193,0.3036,0.4325,0.3098,0.3212,0.3012,0.9606,0.989,0.3359,0.9468,0.9817,0.9366,0.4871,0.3248,0.2983,0.7424,0.787,0.8919,0.9392,0.4367,0.9429,0.7181,1.028,0.9734,0.7212,0.2782,0.2944,0.287,0.2799,0.8482,0.8141,0.8171,0.7437,0.4637,0.6208,1.0031,0.8225,0.2978,0.6841,0.5936,0.6317,0.6587,0.8568,0.9161,0.9943],[0.7737,0.5967,0.7387,0.4732,0.2987,0.7509,0.4513,0.3017,0.544,0.399,0.3026,0.2972,0.9622,1.0088,0.5102,0.9334,0.9301,0.8794,0.4415,0.4559,0.2971,0.801,0.8724,0.9685,0.9167,0.3466,0.9262,0.6654,0.9734,1.0252,0.8041,0.3061,0.3041,0.3115,0.3021,0.9199,0.7443,0.9216,0.8666,0.6293,0.5697,0.95,0.7628,0.3015,0.7533,0.6798,0.6799,0.7878,0.9424,0.8647,0.9383],[0.4949,0.4043,0.5045,0.4082,0.2845,0.69,0.7836,0.2947,0.7428,0.5722,0.2776,0.3067,0.8529,0.7296,0.6134,0.6942,0.6555,0.6548,0.3125,0.7019,0.3025,0.9899,0.865,0.9227,0.7323,0.2882,0.8674,0.5321,0.7212,0.8041,1.0369,0.3994,0.299,0.3016,0.3276,0.8388,0.4087,0.8986,0.9234,0.8196,0.4446,0.7425,0.534,0.3025,0.4821,0.7931,0.9842,0.8374,0.9364,0.7212,0.7073],[0.3046,0.311,0.3039,0.5692,0.5421,0.4013,0.7933,0.3063,0.4486,0.5884,0.2908,0.4064,0.2922,0.2912,0.7606,0.2792,0.2854,0.2832,0.3102,0.8025,0.5594,0.3306,0.3218,0.321,0.2739,0.3257,0.2937,0.2801,0.2782,0.3061,0.3994,1.0649,0.3258,0.6544,0.9889,0.3121,0.3325,0.3481,0.4271,0.7322,0.2933,0.2755,0.2967,0.3047,0.317,0.3321,0.3448,0.5468,0.3291,0.2838,0.2818],[0.3078,0.3053,0.3034,0.6364,0.764,0.3001,0.2919,0.2993,0.2918,0.3217,0.2961,0.8882,0.2984,0.3029,0.2988,0.2918,0.2931,0.2921,0.304,0.2859,0.3003,0.3015,0.2991,0.3012,0.2866,0.3019,0.297,0.3049,0.2944,0.3041,0.299,0.3258,1.0131,0.6371,0.3035,0.296,0.3012,0.3159,0.3075,0.304,0.3058,0.2979,0.3012,0.6069,0.3007,0.3046,0.299,0.3122,0.3069,0.2948,0.2989],[0.3143,0.301,0.2901,0.9012,0.6798,0.3238,0.4646,0.3011,0.324,0.6693,0.2981,0.4996,0.3052,0.3167,0.6404,0.3072,0.2868,0.286,0.2906,0.4202,0.2992,0.3039,0.3528,0.3028,0.302,0.3222,0.2989,0.2977,0.287,0.3115,0.3016,0.6544,0.6371,1.0446,0.7036,0.3298,0.2903,0.4138,0.4135,0.6117,0.2968,0.2907,0.2921,0.6362,0.3617,0.2907,0.2822,0.5366,0.3309,0.2996,0.2893],[0.3033,0.3159,0.315,0.5699,0.583,0.3528,0.6884,0.3953,0.4287,0.5178,0.2915,0.3538,0.2947,0.2888,0.7868,0.2869,0.2828,0.2817,0.3006,0.7279,0.6046,0.3082,0.3163,0.317,0.2824,0.3147,0.2832,0.2866,0.2799,0.3021,0.3276,0.9889,0.3035,0.7036,1.0561,0.308,0.3312,0.3274,0.3808,0.6894,0.297,0.2803,0.2984,0.3067,0.3173,0.3158,0.3143,0.5153,0.3198,0.2793,0.2866],[0.5551,0.7138,0.7782,0.4193,0.2878,0.6073,0.5407,0.2983,0.797,0.5906,0.4645,0.3049,0.9418,0.8845,0.6169,0.944,0.8264,0.8846,0.6158,0.4733,0.3031,0.8581,1.0146,0.9263,0.9566,0.4977,0.8748,0.809,0.8482,0.9199,0.8388,0.3121,0.296,0.3298,0.308,1.0243,0.6778,0.8837,0.9747,0.6879,0.7424,0.8511,0.8202,0.2967,0.5741,0.8277,0.7238,0.7223,0.9691,0.8944,0.8369],[0.7697,0.8039,0.9463,0.3307,0.2795,0.4573,0.2594,0.2966,0.2972,0.2945,0.4324,0.3036,0.7455,0.8132,0.2749,0.855,0.8984,0.9075,0.581,0.2704,0.2958,0.4792,0.6075,0.629,0.8241,0.6196,0.7453,0.7779,0.8141,0.7443,0.4087,0.3325,0.3012,0.2903,0.3312,0.6778,1.0475,0.6471,0.5347,0.277,0.6948,0.8435,0.9133,0.3035,0.4157,0.3776,0.311,0.388,0.6106,0.8655,0.8753],[0.7053,0.4668,0.6229,0.612,0.2829,0.8409,0.6302,0.3033,0.595,0.5718,0.2797,0.2938,0.9115,0.8926,0.6475,0.8361,0.8314,0.7796,0.3225,0.5972,0.2876,0.8741,0.8737,0.9758,0.8211,0.3168,0.899,0.5799,0.8171,0.9216,0.8986,0.3481,0.3159,0.4138,0.3274,0.8837,0.6471,1.0616,0.9207,0.7696,0.4583,0.848,0.6544,0.3083,0.6179,0.7058,0.7808,0.9202,0.9549,0.8063,0.8115],[0.4608,0.5477,0.6126,0.5024,0.285,0.646,0.718,0.2939,0.8451,0.7143,0.3105,0.2991,0.8869,0.7954,0.7366,0.8202,0.72,0.7566,0.4484,0.6388,0.3056,0.914,0.9988,0.9327,0.8397,0.3277,0.839,0.6716,0.7437,0.8666,0.9234,0.4271,0.3075,0.4135,0.3808,0.9747,0.5347,0.9207,1.0476,0.841,0.5983,0.7586,0.6679,0.3041,0.5268,0.8636,0.8082,0.8169,0.9859,0.796,0.7363],[0.3284,0.2988,0.3031,0.6847,0.3363,0.6894,0.9428,0.2905,0.7102,0.7108,0.2884,0.2897,0.6135,0.5407,0.9654,0.485,0.4003,0.3902,0.301,0.9095,0.3273,0.7405,0.7316,0.734,0.491,0.2678,0.565,0.335,0.4637,0.6293,0.8196,0.7322,0.304,0.6117,0.6894,0.6879,0.277,0.7696,0.841,1.0795,0.3221,0.4607,0.3204,0.3001,0.5656,0.6251,0.7674,0.9345,0.7655,0.4321,0.4218],[0.3321,1.0064,0.8958,0.2778,0.3084,0.3021,0.2982,0.2958,0.584,0.3955,0.8451,0.296,0.645,0.5832,0.3094,0.7883,0.6647,0.8306,0.9354,0.2877,0.3102,0.523,0.7209,0.5337,0.8263,0.9068,0.6231,0.9962,0.6208,0.5697,0.4446,0.2933,0.3058,0.2968,0.297,0.7424,0.6948,0.4583,0.5983,0.3221,1.0355,0.6499,0.9201,0.3029,0.2976,0.6491,0.3682,0.3083,0.5803,0.8118,0.6701],[0.8154,0.696,0.8616,0.3771,0.3137,0.6253,0.3306,0.3034,0.4558,0.3346,0.3268,0.2981,0.9852,0.9816,0.3266,0.9583,0.9774,0.9582,0.4868,0.325,0.2981,0.7897,0.7998,0.8857,0.9484,0.4644,0.9813,0.7559,1.0031,0.95,0.7425,0.2755,0.2979,0.2907,0.2803,0.8511,0.8435,0.848,0.7586,0.4607,0.6499,1.0281,0.8474,0.2986,0.5805,0.5862,0.659,0.6572,0.8763,0.9677,1.0104],[0.5825,0.9595,1.0175,0.2959,0.3055,0.4095,0.2922,0.2987,0.4842,0.3618,0.6518,0.2974,0.7991,0.7976,0.3001,0.932,0.8908,0.9803,0.7827,0.2786,0.3015,0.6003,0.7683,0.6966,0.945,0.7632,0.793,0.9842,0.8225,0.7628,0.534,0.2967,0.3012,0.2921,0.2984,0.8202,0.9133,0.6544,0.6679,0.3204,0.9201,0.8474,1.0302,0.2999,0.3486,0.6426,0.4217,0.3918,0.6964,0.9432,0.8723],[0.3234,0.3034,0.3022,0.6089,0.6758,0.299,0.2946,0.2995,0.2976,0.3021,0.2977,0.5177,0.2983,0.2991,0.2976,0.2958,0.2974,0.2969,0.3027,0.2905,0.2989,0.3001,0.2989,0.3028,0.2938,0.3006,0.2971,0.3007,0.2978,0.3015,0.3025,0.3047,0.6069,0.6362,0.3067,0.2967,0.3035,0.3083,0.3041,0.3001,0.3029,0.2986,0.2999,1.0029,0.3016,0.3035,0.3021,0.306,0.3029,0.2961,0.2996],[0.6382,0.3052,0.3281,0.5436,0.2874,0.7294,0.3269,0.3007,0.3076,0.2878,0.2837,0.3026,0.5937,0.7228,0.5243,0.5788,0.5912,0.4785,0.305,0.4379,0.2927,0.401,0.5205,0.6725,0.5261,0.2802,0.4924,0.3043,0.6841,0.7533,0.4821,0.317,0.3007,0.3617,0.3173,0.5741,0.4157,0.6179,0.5268,0.5656,0.2976,0.5805,0.3486,0.3016,1.033,0.3578,0.3777,0.7229,0.5985,0.4106,0.5734],[0.2893,0.5672,0.5462,0.3046,0.2903,0.5491,0.6272,0.3001,0.8123,0.5039,0.4624,0.2986,0.7074,0.5776,0.6127,0.6787,0.6108,0.647,0.51,0.5836,0.3941,0.7586,0.846,0.8114,0.753,0.3846,0.6855,0.6946,0.5936,0.6798,0.7931,0.3321,0.3046,0.2907,0.3158,0.8277,0.3776,0.7058,0.8636,0.6251,0.6491,0.5862,0.6426,0.3035,0.3578,1.0159,0.7023,0.5896,0.7845,0.6511,0.5725],[0.4255,0.3271,0.4204,0.3105,0.2924,0.5674,0.7652,0.2979,0.7281,0.4706,0.2739,0.3035,0.7757,0.5973,0.553,0.5746,0.5271,0.5505,0.2958,0.6708,0.2985,0.959